98 0.0021375000000000005
99 0.0021375000000000005
1 0.0015132812500000003
2 0.0015132812500000003
3 0.0015132812500000003
4 0.0015132812500000003
5 0.0015132812500000003
6 0.0015132812500000003
7 0.0015132812500000003
8 0.0015132812500000003
9 0.0015132812500000003
10 0.0015132812500000003
11 0.0015132812500000003
12 0.0015132812500000003
13 0.0015132812500000003
14 0.0015132812500000003
15 0.0015132812500000003
16 0.0015132812500000003
17 0.0015132812500000003
18 0.0015132812500000003
19 0.0015132812500000003
20 0.0015132812500000003
21 0.0015132812500000003
22 0.0015132812500000003
23 0.0015132812500000003
24 0.0015132812500000003
25 0.0015132812500000003
26 0.0015132812500000003
27 0.0015132812500000003
28 0.0015132812500000003
29 0.0015132812500000003
30 0.0015132812500000003
31 0.0015132812500000003
32 0.0015132812500000003
33 0.0015132812500000003
34 0.0015132812500000003
35 0.0015132812500000003
36 0.0015132812500000003
37 0.0015132812500000003
38 0.0015132812500000003
39 0.0015132812500000003
40 0.0015132812500000003
41 0.0015132812500000003
42 0.0015132812500000003
43 0.0015132812500000003
44 0.0015132812500000003
45 0.0015132812500000003
46 0.0015132812500000003
47 0.0015132812500000003
48 0.0015132812500000003
49 0.0015132812500000003
50 0.0015132812500000003
51 0.0015132812500000003
52 0.0015132812500000003
53 0.0015132812500000003
54 0.0015132812500000003
55 0.0015132812500000003
56 0.0015132812500000003
57 0.0015132812500000003
58 0.0015132812500000003
59 0.0015132812500000003
60 0.0015132812500000003
61 0.0015132812500000003
62 0.0015132812500000003
63 0.0015132812500000003
64 0.0015132812500000003
65 0.0015132812500000003
66 0.0015132812500000003
67 0.0015132812500000003
68 0.0015132812500000003
69 0.0015132812500000003
70 0.0015132812500000003
71 0.0015132812500000003
72 0.0015132812500000003
73 0.0015132812500000003
74 0.0015132812500000003
75 0.0015132812500000003
76 0.0015132812500000003
77 0.0015132812500000003
78 0.0015132812500000003
79 0.0015132812500000003
80 0.0015132812500000003
81 0.0015132812500000003
82 0.0015132812500000003
83 0.0015132812500000003
84 0.0015132812500000003
85 0.0015132812500000003
86 0.0015132812500000003
87 0.0015132812500000003
88 0.0015132812500000003
89 0.0015132812500000003
90 0.0015132812500000003
91 0.0015132812500000003
92 0.0015132812500000003
93 0.0015132812500000003
94 0.0015132812500000003
95 0.0015132812500000003
96 0.0015132812500000003
0 0.0015000000000000002
97 0.0015000000000000002
